0.5
0.85
1.25
1.5
1.65
2.05
2.45
2.5
2.85
3.25
3.5
3.65
4.05
4.45
4.5
4.85
5.25
5.5
5.65
6.05
6.45
6.5
6.8
7.25
7.5
7.65
8.05
8.45
8.5
8.85
9.25
9.5
9.65
10.05
10.45
10.5
10.85
11.25
11.5
11.65
12.05
12.45
12.5
12.85
13.25
13.5
13.65
13.8
14.4
14.5
15
15.5
15.6
16.2
16.5
16.8
17.4
17.5
18
18.5
18.6
19.2
19.5
19.8
20.4
20.5
21
21.5
21.6
22.2
22.5
22.8
23.4
23.5
24
24.5
24.6
25.2
25.5
25.8
26.2
26.5
26.8
27.4
27.5
28
28.5
28.6
29.2
29.5
29.8
30.4
30.5
31
31.5
31.6
32.2
32.5
32.8
33.4
33.5
34
34.5
34.6
35.2
35.5
35.8
36.4
36.5
37
37.5
37.6
38.2
38.5
38.8
39.2
39.5
39.8
40.4
40.5
41
41.5
41.6
42.2
42.5
42.8
43.4
43.5
44
44.5
44.6
45.2
45.5
45.8
46.4
46.5
47
47.5
47.6
48.2
48.5
48.8
49.4
49.5
50
50.5
50.6
51.2
51.5
51.8
52.2
52.5
52.8
53
53.4
53.5
54
54.5
54.6
55.2
55.5
55.8
56.4
56.5
57
57.5
57.6
57.9
58.2
58.5
58.8
59.4
59.5
60
60.5
60.6
61.2
61.5
61.8
62.4
62.5
63
63.5
63.6
64.2
64.5
64.8
65.4
65.5
66
66.2
66.5
66.8
67.4
68
68.6
69.2
69.5
69.8
70.4
70.5
71
71.5
71.6
72.2
72.5
72.8
73.4
73.5
74
74.5
74.6
75.5
76.5
77.5
78.5
79.5
80.5
81.5
82.5
83.5
84.5
85.5
86.5
87.5
88.5
89.5
90.5
91.5
92.5
93.5
94.5
95.5
96.5
97.5
98.5
99.5
100.5
101.5
102.5
103.5
104.5
105.5
106.5
107.5
108.5
109.5
110.5
111.5
112.5
113.5
114.5
115.5
116.5
117.5
118.5
119.5
120.5
121.5
122.5
123.5
124.5
125.5
126.5
127.5
128.5
129
129.5
130.5
131.5
132
133.5
135
135.5
137.5
138
139
141
142
144
145
147
148
150
151
153
154
156
157
159
160
162
163
165
166
168
169
171
172
174
175
177
178
180
181
183
184
186
187
189
190
192
193
195
196
198
199
201
202
204
205
207
208
210
211
213
214
216
217
219
220
222
223
225
226
228
229
231
234
235
237
238
240
241
243
244
246
247
249
250
252
253
255
256
258
259
260
261
262
263
265
266
268
269
271
272
274
275
277
278
280
281
283
284
286
287
289
290
292
293
295
296
298
299
301
302
304
305
307
308
310
311
313
314
316
317
319
320
322
323
325
326
328
329
331
332
334
335
337
338
340
341
343
344
346
347
349
350
352
352
353
355
356
358
359
361
362
364
365
367
368
370
371
373
374
376
377
379
380
382
383
385
386
388
389
391
392
393
394
395
396
398
399
400
401
402
404
405
407
408
410
411
413
414
416
417
419
420
422
423
425
426
428
429
432
434
435
437
438
440
441
443
444
446
447
449
450
452
453
455
456
458
459
461
462
464
464
465
467
468
470
471
473
474
476
476
477
479
480
482
483
485
486
488
488
489
491
492
494
495
497
498
500
501
503
504
506
507
509
510
512
513
515
516
518
519
521
522
524
525
525
526
528
529
530
531
532
534
535
537
538
540
541
543
544
546
547
549
550
552
553
555
556
558
559
561
562
564
565
567
568
570
571
573
574
576
577
579
580
582
583
585
586
588
589
591
592
594
595
597
598
600
600
601
603
604
606
607
609
610
612
613
615
616
618
619
621
622
624
625
627
628
630
631
633
634
636
637
639
640
642
643
645
646
648
649
651
652
654
655
657
657
658
660
660
662
663
665
666
668
669
671
672
674
675
677
678
680
681
683
684
686
687
689
690
692
693
695
696
698
699
701
702
704
705
707
708
710
711
713
714
716
717
719
720
722
723
725
726
728
729
731
732
734
734
735
737
738
740
741
743
744
746
747
749
750
752
753
755